35,54,227,64,225,114,32,104
263,353,429,334,432,369,267,387
29,374,252,352,256,391,33,413
110,105,252,116,250,143,108,132
207,447,295,435,297,452,209,465
195,407,272,398,275,424,198,433
318,494,370,486,372,498,320,506
403,474,442,467,445,482,406,489
273,397,315,390,318,415,277,421
320,390,380,381,384,406,324,415
48,103,120,106,119,132,47,129
74,420,136,415,138,444,77,449
18,428,70,426,70,455,18,456
138,413,186,406,190,434,142,441
339,426,384,418,387,435,342,443
387,385,432,377,435,395,390,402
170,453,207,448,209,465,173,471
318,428,337,425,340,444,321,447
291,435,315,432,318,449,293,453
